0 0 100004     2014213096  大学英语综合教程         董征                     2015 6    24   17   21   57   1243086517 0    0    0    0    0    0    0
0 0 100001     2014213096  大学物理                 董征                     2015 6    24   17   21   57   1243086517 0    0    0    0    0    0    0
0 0 100000     2014213087  海上灵光                 顾萌                     2015 9    25   12   41   6    1443156066 0    0    0    0    0    0    0
0 0 100000     2014213088  海上灵光                 陈宇                     2015 9    25   12   41   45   1443156105 0    0    0    0    0    0    0
0 1 100006     2014213088  物理练习册               陈宇                     2015 9    25   12   41   57   1443156117 2015 9    25   12   42   10   1443156130
0 1 100000     2014213089  海上灵光                 陈明                     2015 9    25   12   42   42   1443156162 2015 9    25   12   43   20   1443156200
0 0 100005     2014213089  生物练习册               陈明                     2015 9    25   12   42   48   1443156168 0    0    0    0    0    0    0
0 1 100007     2014213089  化学练习册               陈明                     2015 9    25   12   42   55   1443156175 2015 9    25   12   43   13   1443156193
0 1 100006     2014213096  物理练习册               董征                     2015 9    25   12   57   25   1443157045 2015 9    25   12   57   35   1443157055
0 0 100002     2014213096  高等数学                 董征                     2015 9    25   12   59   22   1443157162 0    0    0    0    0    0    0
